,0
0,-0.03872539209029611
1,0.004677904732910344
2,-0.08807237665064781
3,-0.04119627304756463
4,-0.05909563725673264
5,-0.03143839106760152
6,-0.07727841084402241
7,-0.1188208466294741
8,-0.11724762901879061
9,-0.07341607105232553
10,-0.06595148935105646
11,-0.006398257731824864
12,-0.11125421867685317
13,-0.04139959245879259
14,-0.03559419615956908
15,-0.04874172265973757
16,-0.08399136685500574
17,-0.14286598430134373
18,-0.023291950071861318
19,-0.06791444635272108
20,-0.10647225086915132
21,-0.08956386895300848
22,-0.10125409103050698
23,0.00970713092744806
24,-0.06806557015249484
25,-0.10857928347613985
26,-0.06305738073983147
27,-0.05530805451809391
28,-0.07979332492329809
29,-0.11347826242350109
30,-0.124544399985744
31,0.0020756944980403927
32,-0.034778902317270995
33,-0.06344232078772394
34,-0.022820197839033798
35,-0.05100263077015084
36,-0.04079218851512202
37,-0.12343835706659553
38,-0.11560482670348936
39,-0.08800583160122993
40,-0.10189490835831433
41,-0.1259088875719905
42,-0.11179554301845396
43,-0.0364162327477675
44,0.04218171527474276
45,0.17503003646262835
46,0.28054532355037914
47,0.2687560371779286
48,0.22520077951049022
49,0.21860896730053722
50,0.1416705891350307
51,0.10461413324410025
52,0.09718627248882959
53,0.19688805591810718
54,0.14805414501065448
55,0.11803684742477365
56,0.17121614667247448
57,0.21048619637368451
58,0.09966444044264466
59,0.24879860440871118
60,0.0
61,0.0
62,0.0
63,0.0
64,0.0
65,0.0
66,0.0
67,0.0
68,0.0
69,0.0
70,0.0
71,0.0
72,0.0
73,0.0
74,0.0
75,0.0
76,0.21317845812124442
77,0.271899276754123
78,0.12749996778248657
79,0.09420722496555309
80,0.01050291077514439
81,0.23043818972099592
82,0.24490991269494203
83,0.060206198910493676
84,0.2523725555086655
85,0.03342761437173483
86,0.0
87,0.0
88,0.0
89,0.0
90,0.0
91,0.0
92,-0.019660035779112257
93,0.015783045579437924
94,0.0004107935088680944
95,-0.0018524471420124093
96,0.0
97,0.0
98,0.0
99,0.0
100,0.0
101,-0.007757265469786518
102,0.013852336185761711
103,0.03251483575434405
104,-0.012117183896344731
105,-0.012956216136868945
106,0.0
107,0.0
108,0.0
109,0.0
110,0.0
111,0.0
112,0.0
113,0.0
114,0.11011205336756955
115,0.1356302471743513
116,0.23771386191318516
117,0.29291914864042723
118,0.28743711520994125
119,0.0
120,0.0
121,0.0
122,0.0
123,0.0
124,0.0
125,0.055735004496774154
126,0.20493021479334386
127,0.18109386673976202
128,0.23948028944114377
129,0.16504418883688143
130,0.138269444011942
131,0.13041580713368736
132,0.20797458081899428
133,0.2021122742999077
134,0.07603350723530146
135,0.22918425973172674
136,0.2284068372548524
137,0.05033274894266025
138,0.060447768363957974
139,0.03025989032965158
140,0.0052251043318233496
141,0.0806545542303307
142,0.2124567899660678
143,0.15338561317275576
144,0.15904831102301906
145,0.19480515888114905
146,0.06020498113808502
147,0.17522617394239068
148,0.24266013266001538
149,0.29500261388102594
150,0.26799455186409726
151,0.1546914367458153
152,0.32573422055358575
153,0.0
154,0.0
155,0.0
156,0.0
157,0.0
158,0.0
159,0.1316754598974825
160,0.009429742992029644
161,0.03487442355230369
162,0.21381586252590418
163,0.2527192142319489
164,0.2664953178662593
165,0.026244807478665554
166,0.01862042452022453
167,0.0414268133324825
168,0.020690040556444567
169,0.09270524360682948
170,0.12126168144916324
171,0.19154448422928924
172,0.18272462946566825
173,0.10565523287258007
174,0.12782642149348164
175,0.20006419193116337
176,0.22406360310006387
177,0.08747998434714131
178,0.07464868847565409
179,0.12077635582142696
180,0.2596264986356953
181,0.08989266217522396
182,0.02242692553125839
183,0.18610804653318985
184,0.20595238685947492
185,0.14032618948576575
186,0.05231728382706817
187,0.25010954323853335
188,0.1930667543902929
189,0.23558721269593022
190,0.19716646157096887
191,0.1614228565951134
192,0.025717758993976235
193,0.14724633380349345
194,0.02024471884706237
195,0.21522161404325008
196,0.11626979396902662
197,0.20317199336754907
198,0.1777520588332248
199,0.28041392014960226
200,0.28916319661760165
201,0.25512135296292643
202,0.0
203,0.0
204,0.0
205,0.0
206,0.0
207,0.0
208,0.0
209,-0.0012439307330388005
210,0.0001178736437035699
211,-0.0002665009965875709
212,0.004209324933225956
213,-0.0007465189877805645
214,-0.007320976480466124
215,-0.2602909876276104
216,-0.28516044768523086
217,-0.13523203402289358
218,-0.12217415562244369
219,-0.052645718963114346
220,-0.27675547933161604
221,-0.28448431967462323
222,-0.28858795097756135
223,-0.010835900812127753
224,-0.02145077879908406
225,-0.003226047221075723
226,-0.003910793785935041
227,-0.009890682369304293
228,-0.014165078094436068
229,-0.015506286774774692
230,-0.012381827147921765
231,-0.004122412319018932
232,-0.010588638254540483
233,-0.021332156182438958
234,-0.021251407387366108
235,-0.267098760388852
236,-0.29017076363638455
237,-0.28026522957530137
238,-0.3188719656738778
239,-0.16544873331152216
240,-0.2821163230201689
241,-0.33710305708444493
242,-0.25891115964403805
243,-0.3403449386657085
244,-0.3105001094258322
245,-0.16406504464176241
246,-0.09304753574063813
247,-0.17938030758431436
248,-0.293808454210078
249,-0.13534532928313564
250,-0.2681137900774919
251,-0.17939310905894904
252,-0.2821626296739746
253,-0.1563694122789458
254,-0.10024704283430906
255,-0.15502768629142927
256,-0.2540985694256674
257,-0.061002822174150644
258,-0.1581112764031663
259,-0.03091348111809087
260,-0.013789181484453272
261,-0.017926167049259912
262,-0.0283478891107496
263,-0.01593812340087373
264,-0.2494277131539963
265,-0.3326147297458675
266,-0.18772145877992932
267,-0.24337018233206517
268,-0.27020420919494803
269,-0.315829269466204
270,-0.07941349365990796
271,-0.012519480814336915
272,-0.014550897575708878
273,0.0
274,0.0
275,0.0
276,0.0
277,0.0
278,0.0
279,0.0
280,0.0
281,0.0
282,0.0
283,0.1946527693391785
284,0.1965101567333278
285,0.2511061542680267
286,0.09385358330993872
287,0.26308867850018064
288,0.2468627442658255
289,0.2549017934079412
290,0.29244458942734847
291,0.00010299600084889836
292,4.0217172150713855e-05
293,0.0013202914351422177
294,-2.317662835332751e-05
295,0.0001402725382446346
296,0.0018416129489040476
297,0.004109065258530598
298,0.0019502490506309923
299,0.000830534836695518
300,0.0012543545086976748
301,-0.26971157864134
302,-0.2901592123609576
303,-0.2335427590161468
304,-0.06099791783446129
305,-0.10317500962692921
306,0.0
307,0.0
308,0.0
309,0.0
310,0.0
311,0.0
312,-0.17017150564448377
313,-0.251196251341832
314,-0.23266093024346737
315,-0.27961826689923586
316,-0.1833912179927903
317,-0.27180542821436815
318,0.0
319,0.0
320,0.0
321,0.0
322,0.0
323,-0.22008381395025486
324,-0.2989483134403545
325,-0.3098996914097583
326,-0.13324211226552274
327,-0.30647678270378803
328,0.0
329,0.0
330,0.0
331,0.0
332,0.0
333,0.0
