,0
0,0.26602903134220873
1,0.533577978636636
2,0.5718494231430288
3,0.33106184926079
4,0.38533642845473665
5,0.4419456119107433
6,0.6078461959606972
7,0.5172291991290319
8,0.5259770824145173
9,0.3719633292561611
10,0.6271972160087667
11,0.5442723489964899
12,0.5075737690401503
13,0.8032713629916077
14,0.8171088106801119
15,0.19499317510861505
16,0.33701100537378637
17,0.24577333058680817
18,0.2864920032296874
19,0.13465705707787232
20,0.5149746898242532
21,0.051258195903246005
22,0.48932038800782146
23,0.7004432748892946
24,0.42752672253378604
25,0.37633768394381767
26,0.7536721563561533
27,0.4152337985022805
28,0.5469762054242974
29,0.6454711221711122
30,0.3060142229189144
31,0.6952949219437895
32,0.5492603010005679
33,0.7433101160775438
34,0.5919070985848965
35,0.5538831590497885
36,0.9361437635042485
37,0.0962034122341186
38,0.19938266583764533
39,0.7870762996377296
40,0.5780224615937585
41,0.3773771150989253
42,0.7484285094600982
43,0.0365327704941685
44,0.5382828309810821
45,0.4527821442996188
46,0.7088810198008391
47,0.6349975987749431
48,0.6251923083657862
49,0.7845038826130416
50,0.8242718751693195
51,0.36947690440328784
52,0.633296902374688
53,0.5092087665822327
54,0.1592761088176449
55,0.7700970043172893
56,0.8646457625669757
57,0.08615024201668127
58,0.6692605169015587
59,0.08694006696552642
60,0.23521058000682252
61,0.36394156494176827
62,0.36673340227065276
63,0.17139853298192936
64,0.6712617944912569
65,0.3099331533342573
66,0.42348075306855915
67,0.4444050572158258
68,0.18435082647739495
69,0.4404188912366392
70,0.9111182704697021
71,0.02297556538364912
72,0.922978919155669
73,0.5805395907162009
74,0.8418072154265841
75,0.058043610612403845
76,0.5740450761203286
77,0.5546425405229997
78,0.4190002544283743
79,0.7382794599677669
80,0.2116033663633738
81,0.5427796797921948
82,0.643694199763759
83,0.5867317723769133
84,0.7219555257237019
85,0.3649269414925512
86,0.326505017720354
87,0.6212722888309374
88,0.7906406415146912
89,0.5241412299385384
90,0.5178279652972011
91,0.06393450653091654
92,0.7587584025672562
93,0.46576122818342724
94,0.21128278855956306
95,0.9829521994068751
96,0.6686969307419588
97,0.24634053890200572
98,0.23459574921266899
99,0.6151859261899176
100,0.052198934364829815
101,0.04887068089002091
102,0.39168409806556326
103,0.9729291493234267
104,0.17919022713119725
105,0.9239102587513724
106,0.4797982631139238
107,0.4348339760274883
108,0.7973183042353497
109,0.2856655136639869
110,0.7378876521015818
111,0.1457971852858456
112,0.3474915106027565
113,0.08499016359519614
114,0.20757906076859886
115,0.12870132440813978
116,0.41409657873279776
117,0.4207425867872696
118,0.38314829034073206
119,0.473795942909985
120,0.3441783793636634
121,0.4443181378008849
122,0.08599305115660505
123,0.3205700644816801
124,0.21871056823191368
125,0.9165571698379718
126,0.9395758486914121
127,0.9286338142083639
128,0.975603753066717
129,0.9753988832453949
130,0.06994681214848568
131,0.15572255870378363
132,0.11164586585752925
133,0.48657824340696254
134,0.11854166609005566
135,0.2581239742311857
136,0.1863936315796612
137,0.17658199229086788
138,0.04695916606518608
139,0.7339253014616643
140,0.5752850906991632
141,0.2261798672227311
142,0.6383630680995942
143,0.3990889332169553
144,0.33777558558359533
145,0.6271618458373787
146,0.2981166302527992
147,0.054750534741324956
148,0.18612662266390848
149,0.3576450398837536
150,0.3658728820642622
151,0.1564432780396279
152,0.2216580316299903
153,0.3907033056551064
154,0.6164928992577628
155,0.7213618033616144
156,0.6282557504798353
157,0.5557055900589439
158,0.5072570721152202
159,0.5533927657567395
160,0.311064666362722
161,0.478817514059291
162,0.6069291637627543
163,0.6880066379793144
164,0.1531708438794589
165,0.4419751620056265
166,0.305732682700045
167,0.8670979169962016
168,0.22006695525440317
169,0.8769370761297578
170,0.8270554423020323
171,0.486584213646717
172,0.8336127106876576
173,0.8417621591924395
174,0.6006787503573755
175,0.5739306412627524
176,0.8451339637484548
177,0.7592132553817965
178,0.7812412858732425
179,0.46791012688453737
180,0.33192507254966724
181,0.6441174255397434
182,0.6336728050369989
183,0.5581300660787047
184,0.9024819849802994
185,0.7161505363936927
186,0.7082310531974074
187,0.7562301566575425
188,0.7717408706004932
189,0.47478448699752723
190,0.6929794348530892
191,0.25717568751408587
192,0.20365807293911561
193,0.6257010727351864
194,0.1499645695184525
195,0.6416804974030123
196,0.7219988009994905
197,0.6413107737602975
198,0.8169211058374749
199,0.12650920674839836
200,0.5787631795614887
201,0.6906562491987009
202,0.3427422180098114
203,0.4464441710837213
204,0.20675306387477285
205,0.8886873330449431
206,0.6445414816428191
207,0.062779477451742
208,0.09578252332310541
209,0.7137571371603783
210,0.2488427271801678
211,0.6149875764951489
212,0.49376952693504195
213,0.5043570921076511
214,0.8528132680090863
215,0.43056724112187306
216,0.36725673305995543
217,0.664836433149512
218,0.5443755784352077
219,0.7086786133825627
220,0.7429420675533657
221,0.7680215762608951
222,0.2942960934997056
223,0.9665769430705604
224,0.09834022906167045
225,0.23908113459339733
226,0.9933099027084067
227,0.7871508392255975
228,0.9243855978841337
229,0.1758386142454424
230,0.10298366777861276
231,0.9906760431727122
232,0.7921690272170268
233,0.5326386840595498
234,0.09672710248500688
235,0.6455568519948341
236,0.14237759173591727
237,0.8250462934358802
238,0.5351585014538797
239,0.7797698400053751
240,0.43042869018995095
241,0.8008209840666519
242,0.6432250229709205
243,0.36724439432115913
244,0.4196287582792043
245,0.12154580719897916
246,0.136366275660573
247,0.683535736902132
248,0.3916280847082812
249,0.2226438765083792
250,0.32701485832312477
251,0.5643304925272378
252,0.5663455409172233
253,0.4685688315028225
254,0.5580802591681916
255,0.39835941449397305
256,0.5645571081189819
257,0.652114825463942
258,0.10885952212035918
259,0.19155624241677313
260,0.865237532669946
261,0.9811938932697144
262,0.5797121739250294
263,0.9916640141371574
264,0.6598296496125753
265,0.17942536423939462
266,0.753023235197205
267,0.07618637178132089
268,0.16176562037939218
269,0.14614648751504472
270,0.8142708686540144
271,0.39243417656852386
272,0.19114348112508586
273,0.933547727116189
274,0.8892910042608045
275,0.8634200062971941
276,0.6895234143225549
277,0.29459259931651594
278,0.12499389040486814
279,0.1493069627359321
280,0.5704680044271785
281,0.0995018934454566
282,0.902639526965833
283,0.3930036169758141
284,0.5963515534266782
285,0.7203194437132212
286,0.4629378031968991
287,0.3349881040064958
288,0.46025546370572057
289,0.5432397499105267
290,0.4556065122681415
291,0.7194201706728078
292,0.8144548360827709
293,0.8159304282445823
294,0.7738803342732212
295,0.7509043491452535
296,0.7038420439070108
297,0.9249432790971808
298,0.9533923146645913
299,0.9624735360172934
300,0.9915029320985291
301,0.21261263038010253
302,0.03931354931568073
303,0.017988168738381324
304,0.8353977856773893
305,0.8366870480397963
306,0.9306956357913309
307,0.21919993101375382
308,0.20130583272284083
309,0.9505640425483592
310,0.3739913166368751
311,0.986133468009284
312,0.21099693677224998
313,0.46116115569252264
314,0.7166153759775207
315,0.3103299001434651
316,0.7701844292127771
317,0.5792630179267265
318,0.8930646932856631
319,0.57037242977787
320,0.16473362093846508
321,0.11312772288036567
322,0.9356086690481419
323,0.6717606687185762
324,0.08634205824355397
325,0.07633020528052213
326,0.8545387120311769
327,0.07945476215510663
328,0.3223574255761762
329,0.6732584099651937
330,0.5076062933079363
331,0.5506217113544287
332,0.436811375021713
333,0.4027270474609516
