,0
0,0.9961619456506818
1,0.9874404880547956
2,0.9976553560698648
3,0.9998103230532672
4,0.9998666599633078
5,0.9992664120482854
6,0.9999287416230627
7,0.9997881305366167
8,0.9681373205410756
9,0.9984721394060296
10,0.9998540368029077
11,0.9999866194548382
12,0.9999855012347946
13,0.9999567044667576
14,0.9972753590574007
15,0.9999555911717571
16,0.9996117837904226
17,0.9997983323412007
18,0.9993504481189419
19,0.9823020901745807
20,0.9936616102391483
21,0.9583413066462141
22,0.9948582635522848
23,0.9621904527790734
24,0.8114417612823233
25,0.9981045789757639
26,0.9984915254812904
27,0.9526793996879078
28,0.9860937946541171
29,0.9950580112364075
30,0.9973969285649469
31,0.9947876531822494
32,0.9994723883172523
33,0.9490259347223257
34,0.9978726342385705
35,0.8904398716637394
36,0.9437959623591593
37,0.9991796992903077
38,0.9992992995422105
39,0.7918404737543493
40,0.9993432358400449
41,0.9925399096242101
42,0.9951794493818749
43,0.9936967764289213
44,0.9664525736570442
45,0.23534173488335935
46,0.054410514391468115
47,0.029656208075224556
48,0.12802384512490914
49,0.004133591280462106
50,0.028349413941180335
51,0.005919099263250053
52,0.028062205994481716
53,0.018151218202502997
54,0.0059939112012819835
55,0.00462696595467603
56,0.0179105806885272
57,0.008546305808301308
58,0.00502081737917998
59,0.015009873637337584
60,0.5716480882649675
61,0.1742323714497053
62,0.0192856387528354
63,0.17349323864557642
64,0.24818989260517188
65,0.2548484154314038
66,0.38333061785136036
67,0.031052002907731538
68,0.015137706974675275
69,0.0270341974453145
70,0.02151792844813896
71,0.004963832351791451
72,0.004455211194169897
73,0.028230768237562168
74,0.03992433478207926
75,0.00642318835346135
76,0.1277789891995921
77,0.012015526102918063
78,0.10703804098557064
79,0.015552227739682938
80,0.005834530309190183
81,0.01823301966130677
82,0.3065946044179833
83,0.06149531682934842
84,0.06956547554095333
85,0.11071072909170172
86,0.16037634009656768
87,0.03518131301811189
88,0.02283321338838
89,0.1294200636295744
90,0.01993986865735198
91,0.04103389467383424
92,0.1174363951854509
93,0.017553784958561396
94,0.03140056548252342
95,0.052937315238158145
96,0.01849041673304961
97,0.010024110665754954
98,0.008586241677303765
99,0.008179896155503154
100,0.012865893544309502
101,0.026037254596185038
102,0.052151917901963364
103,0.0503917467578755
104,0.11281952363861977
105,0.054246141011278705
106,0.002459153903027682
107,0.03641060701893195
108,0.04751565400613833
109,0.011929146342803672
110,0.009249471448191467
111,0.0012873286507778152
112,0.00865471990966544
113,0.0019028488805692236
114,0.013238363851727124
115,0.00386744850111095
116,0.004141135077605361
117,0.0014192270893413914
118,0.0002642111266110099
119,0.0008701917342482808
120,0.0031855469292410327
121,0.001360339199131526
122,0.005220548708191954
123,0.002645902795038921
124,0.0008424095683913149
125,0.00171093951208687
126,0.002489855354511804
127,0.00027358763661043385
128,0.0005541855607990868
129,0.0006034345241554011
130,0.0006782486921174251
131,0.0007517181104422728
132,0.00114566552557
133,0.002602479391381989
134,0.008984241035344176
135,0.002068296196870696
136,0.002132093190424633
137,0.0008763941326211757
138,0.0010238031465219404
139,0.9999714336493699
140,0.9999324209911777
141,0.9998677605069245
142,0.999924933881867
143,0.9999802227398602
144,0.9998576958100794
145,0.9994852660963318
146,0.9999823703509978
147,0.9999908004316324
148,0.9998836583698858
149,0.9998814783248369
150,0.9999457080299965
151,0.9999579051471847
152,0.9994848878209445
153,0.9999690199027574
154,0.9999412250921927
155,0.9999672843509244
156,0.9999579947433784
157,0.9999699279446981
158,0.9999542528965737
159,0.9999507960183048
160,0.9999820742013217
161,0.9999867008140191
162,0.999868153568793
163,0.999970815090389
164,0.9999858015280026
165,0.9998287915721179
166,0.999289589486617
167,0.9999068152225532
168,0.9999745277493421
169,0.999959751174271
170,0.9999775809881585
171,0.9999486936073777
172,0.9999056910725528
173,0.9999606408127941
174,0.9999245459023357
175,0.9999775922771731
176,0.9999936214962607
177,0.9998985757739888
178,0.99994836503644
179,0.9999684452627102
180,0.999955304826608
181,0.999960950395757
182,0.9999358458403765
183,0.9998906136805921
184,0.999952905695738
185,0.9999822541839617
186,0.9999876703752295
187,0.9999661379841429
188,0.9999453403186683
189,0.999923026418713
190,0.9999317931839038
191,0.9999867099543295
192,0.9999473975287746
193,0.9999234037774567
194,0.9999351518511662
195,0.9999812384718074
196,0.9999754835964603
197,0.9999932150698185
198,0.999797169892451
199,0.9995312410123276
200,0.9999821971685121
201,0.9999919945203465
202,0.9999744715510662
203,0.9999841412425257
204,0.9999559328265702
205,0.999971565975296
206,0.9999337816645993
207,0.999984926888359
208,0.9999292249730739
209,0.9999999290512068
210,0.999999818844403
211,0.9999986701435538
212,0.9999990200158089
213,0.9999997885136996
214,0.9999994975748128
215,0.9999999102487563
216,0.999999602542326
217,0.9999998334490061
218,0.999999502487045
219,0.9999999157898816
220,0.9999999344009055
221,0.9999996665832006
222,0.9999996630007043
223,0.9999995193594359
224,0.99999979444809
225,0.9999993908157857
226,0.9999994464067858
227,0.9999997301460211
228,0.9999997300309782
229,0.999998078448215
230,0.999999846921677
231,0.9999995052233436
232,0.9999997698866055
233,0.9999992150381656
234,0.9999999024985051
235,0.99999995977093
236,0.9999998608581697
237,0.9999991321332224
238,0.9999997460248019
239,0.9999988328692639
240,0.9999998972071523
241,0.9999998704407141
242,0.9999999480500485
243,0.9999997392306736
244,0.999999616677414
245,0.9999998673769721
246,0.9999998754782933
247,0.9999999391361815
248,0.9999998740940771
249,0.9999998394528467
250,0.9999992431033031
251,0.9999997263754745
252,0.99999972208403
253,0.9999999572671892
254,0.9999997641185311
255,0.9999999544357848
256,0.9999994965977316
257,0.9999998020900417
258,0.9999999617748886
259,0.9999995857421038
260,0.9999998997034437
261,0.9999999632011858
262,0.9999999109786143
263,0.9999993796887006
264,0.9999998929113926
265,0.999999540875088
266,0.9999998086499455
267,0.9999998939368954
268,0.9999998857401715
269,0.999999856110316
270,0.9999998645672213
271,0.9999997772515402
272,0.9999998834425317
273,0.9999000243588878
274,0.999611267930814
275,0.9995282390356024
276,0.9998592273786078
277,0.9992782821537018
278,0.999873346964865
279,0.9995480731524955
280,0.9999089518452683
281,0.9991613288143303
282,0.9999451439039158
283,0.9999458714315707
284,0.99998965496096
285,0.9999215146855541
286,0.9999731178998233
287,0.999968109990901
288,0.9999245364008504
289,0.9999289724787321
290,0.999936823472008
291,0.9994355583105198
292,0.99991196574827
293,0.9998760781002705
294,0.9972621942264656
295,0.9993270221199388
296,0.9998661122498954
297,0.9999341808918751
298,0.9999853047623491
299,0.999986125135134
300,0.9999649611146129
301,0.9999812861842117
302,0.9999663249711936
303,0.9999054035784953
304,0.9999791235490384
305,0.9999312452126944
306,0.9999606529460607
307,0.9998778718800144
308,0.9999547808407881
309,0.9999637253065468
310,0.9979453098215931
311,0.99989410941079
312,0.9999358954543482
313,0.9999708439493357
314,0.9999390667394887
315,0.999990338741734
316,0.9999750110697978
317,0.999932220567612
318,0.9999766684010089
319,0.9998880695457423
320,0.9999540216186081
321,0.9999828189112286
322,0.9999518424265318
323,0.9999808105597032
324,0.9999504862318429
325,0.9998881207302414
326,0.9999510519141784
327,0.9999785714690479
328,0.998437616424021
329,0.9998222135465786
330,0.9999724650079374
331,0.9997782651921069
332,0.9960255216788856
333,0.9985751170541466
