,0
0,0.8841697344908999
1,0.3201216023772577
2,0.42064799577601397
3,0.9837285082404004
4,0.26413609841605284
5,0.9954693347486968
6,0.3788846756980975
7,0.7326030025834439
8,0.850575932262581
9,0.9215800743301232
10,0.7241443754644628
11,0.5125808010813975
12,0.3996268591929702
13,0.18910412796137754
14,0.18441684191030008
15,0.4502740246875685
16,0.38119183459124517
17,0.28549046612426254
18,0.3919516177924137
19,0.44327138662636273
20,0.015066260354460062
21,0.6940181158455451
22,0.1502673262702668
23,0.9446629572455986
24,0.5398815510236151
25,0.23422959211019523
26,0.11049755841414564
27,0.9425665701697802
28,0.44758135725148185
29,0.29022107617652915
30,0.8078914063130631
31,0.19739998753841106
32,0.5143046441529322
33,0.3364242925003218
34,0.07983413277278772
35,0.9986882665844288
36,0.9990344801652673
37,0.9995727429053988
38,0.9947216378775148
39,0.9878700984333739
40,0.9992470305820581
41,0.032587684654856744
42,0.02849172551058406
43,0.6165519286505978
44,0.0015838043431442687
45,0.6275304499034354
46,0.9845050754105953
47,0.9468760949862262
48,0.9977151161841363
49,0.9994932532956693
50,0.6821640867633845
51,0.9609859422030844
52,0.9732036764660174
53,0.7222592341202367
54,0.49871375804816115
55,0.25006478958498657
56,0.5806967022120804
57,0.9599110794847519
58,0.41764013516871185
59,0.9539412910551531
60,0.9904665254474775
61,0.978990700926732
62,0.958584942721509
63,0.9688189412591955
64,0.9595847139735517
65,0.9989609651183524
66,0.9968672859640457
67,0.7286614457888445
68,0.34019532979596817
69,0.5265748980057897
70,0.9458927867767907
71,0.986364691462859
72,0.32708751990398827
73,0.9046778715574608
74,0.20250445353715824
75,0.6378524401497582
76,0.9265854905733033
77,0.9531638727484724
78,0.9593717937756226
79,0.9930877968302826
80,0.9987114593815861
81,0.9845165637229321
82,0.9836403326359158
83,0.9966138185258527
84,0.9842013722398137
85,0.9861628739693399
86,0.586947535342322
87,0.8574491133933042
88,0.9684107639408613
89,0.8336789474964218
90,0.6775528611314481
91,0.5053679924974875
92,0.9994959649293623
93,0.9987085936583785
94,0.9997795111698508
95,0.9998552953033976
96,0.2895802176034342
97,0.35348411460387363
98,0.2103236046989685
99,0.06936633769461442
100,0.552785780283297
101,0.9764822539512901
102,0.9944942619199788
103,0.9961322818502913
104,0.9973706631108309
105,0.9995640858414048
106,0.1977613152272389
107,0.8624183259002409
108,0.13028765244411286
109,0.46754776948118365
110,0.20459090025410115
111,0.23861363861724486
112,0.11545460870306253
113,0.072543135965121
114,0.1800540049802408
115,0.38454668257284574
116,0.682714292476081
117,0.9067629027607257
118,0.9966034358022197
119,0.31242739845469464
120,0.33939815284406616
121,0.7947739686693134
122,0.19370490133601967
123,0.8487511896877671
124,0.6207022977248005
125,0.8707236972490374
126,0.8884509136078849
127,0.6441003342961462
128,0.7691833605402171
129,0.5385523260307237
130,0.5901601755867002
131,0.8876045593695264
132,0.8307703179056494
133,0.8284602792040819
134,0.9686917398370398
135,0.7619287340634346
136,0.8475631521063484
137,0.9700516586273692
138,0.9553103994890161
139,0.9944081137412784
140,0.9993544877724437
141,0.9981502197114521
142,0.9747055310086634
143,0.9809653718015836
144,0.9987487026358506
145,0.9893969465407491
146,0.9978980170484306
147,0.5815154227565145
148,0.7732079414068364
149,0.9614863877303655
150,0.8319020764686645
151,0.9862245480140879
152,0.9689772652005781
153,0.9678280872173572
154,0.9059642805509238
155,0.8389374737432997
156,0.9896027475729778
157,0.9437632889248785
158,0.8254951739751184
159,0.9068400209632745
160,0.99739055762506
161,0.9868535797584237
162,0.8237345423969004
163,0.7380270217883045
164,0.9831748048897222
165,0.9789344617808144
166,0.9992821796407546
167,0.9582652774266472
168,0.9908530513178165
169,0.9477568995472342
170,0.5997986187645044
171,0.7739914657564484
172,0.6925289792108122
173,0.8422690072528227
174,0.4593542224842322
175,0.9226590387250407
176,0.7545442960475367
177,0.9341831085852838
178,0.996315490903527
179,0.9372214577369783
180,0.9154431934017693
181,0.9482848490514592
182,0.9941072226205775
183,0.8983217398983289
184,0.8881234052316024
185,0.9102083638914313
186,0.9865054022183161
187,0.8937564889155537
188,0.6523875015760316
189,0.8205175427530026
190,0.9860640972623109
191,0.8943408849875493
192,0.9978850047470086
193,0.9655329603372936
194,0.9948645202193345
195,0.7971761837265718
196,0.39179558098709605
197,0.8731008872939827
198,0.9901554883104661
199,0.9255216070312602
200,0.9642626384950155
201,0.997550070049574
202,0.9967501287287754
203,0.9946839446354039
204,0.9352016947402501
205,0.983755935112457
206,0.9952577834123609
207,0.9995237728965554
208,0.9982971133751535
209,0.9819623835631147
210,0.9871860444595345
211,0.9740092693075405
212,0.8506451070138569
213,0.9546959272449379
214,0.998967142939284
215,0.8921623750132659
216,0.9738031456423148
217,0.9909401220706522
218,0.9951104115344279
219,0.9976966846333793
220,0.9590705003203894
221,0.8721205184054243
222,0.9690310255380704
223,0.9997187842432299
224,0.9999459399828157
225,0.9994470552084184
226,0.9995409543833691
227,0.9996024357654357
228,0.9996157761492063
229,0.9960954571699825
230,0.9997649226224105
231,0.9996052505176118
232,0.9992684791270812
233,0.9959308771713414
234,0.995051637928558
235,0.9295628144058941
236,0.983139214928637
237,0.8927655117034894
238,0.9356131406325756
239,0.995368988136562
240,0.7649911009633278
241,0.9873623109246851
242,0.8021095194641349
243,0.9553089536046814
244,0.9799483127504652
245,0.9892567238824751
246,0.9956468197779171
247,0.9555645049610383
248,0.8388824524240585
249,0.9626891214367911
250,0.8701350700483411
251,0.9891162432098392
252,0.7809799606775435
253,0.512149174042346
254,0.2146301819540754
255,0.4970229413489461
256,0.6527262436567614
257,0.16224001244789993
258,0.5071669228207095
259,0.9988537065971519
260,0.9997852070869173
261,0.9996246075060665
262,0.9998174544318481
263,0.9999631860522086
264,0.9641885166237885
265,0.7832492933360056
266,0.5668432633595016
267,0.6861995194002306
268,0.9605338145171416
269,0.8803063470059618
270,0.22267437315988495
271,0.5703470627815698
272,0.6913431142819044
273,0.999966462231908
274,0.9998821384799047
275,0.9999393949810446
276,0.9999350312071023
277,0.9999718432493843
278,0.9999808919627037
279,0.9999908647292679
280,0.9997503870030858
281,0.9999014168179401
282,0.9998762107887477
283,0.6514104927427675
284,0.6642151801239565
285,0.8638052532798045
286,0.3020717603701503
287,0.9039469229653903
288,0.8178604879859576
289,0.87821703127341
290,0.9479126006472783
291,0.9999392663526201
292,0.9999818422103907
293,0.9999029015562599
294,0.9999771618699733
295,0.9999712754720649
296,0.9997799406942894
297,0.9997732256184575
298,0.9999316408298354
299,0.9999751022454985
300,0.9999695859500931
301,0.9943270915640152
302,0.9652475966592817
303,0.791128231699497
304,0.107939407389702
305,0.3173497591275385
306,0.9988945963693503
307,0.9938628192367984
308,0.9983542588355316
309,0.999119119905265
310,0.9971450785645771
311,0.9993293949120122
312,0.996988214311312
313,0.9540724803703948
314,0.8998335365124389
315,0.9511264262891964
316,0.972672245226394
317,0.8862090111185782
318,0.9989332507919858
319,0.9964805508156734
320,0.995856615233882
321,0.9996870779247286
322,0.9998973794313324
323,0.9829389170829712
324,0.9896004917920778
325,0.9700979635691631
326,0.4058249133076612
327,0.9560674528191787
328,0.9873381717169676
329,0.9830273554167775
330,0.9841992541610578
331,0.9993706447067229
332,0.9942851830294037
333,0.996590926147538
