,0
0,0.9866568343869864
1,0.8138085961674112
2,0.9849591316229543
3,0.9818024918926826
4,0.9430020949779082
5,0.9834165178618697
6,0.9915176857801552
7,0.9701180472358153
8,0.9739500669180704
9,0.9705482681891942
10,0.9849250944892639
11,0.9765645234401793
12,0.9623854011266045
13,0.8454736250081051
14,0.9486620389163556
15,0.9408847053526589
16,0.8084528395154226
17,0.8271915006253224
18,0.23163938229307765
19,0.6859200373542328
20,0.8682855035063735
21,0.9425869048097514
22,0.835011417103266
23,0.49576452715375685
24,0.6975157530013907
25,0.9268072263897716
26,0.7993104181075044
27,0.7366644318860892
28,0.9356291150182829
29,0.8546305949902592
30,0.8618405246592636
31,0.6673050727515244
32,0.5824340635260553
33,0.6277917955132886
34,0.6883594887355382
35,0.47843099620449936
36,0.7201157482209316
37,0.8156807942391191
38,0.6871638090099679
39,0.7438080323092081
40,0.80552681958654
41,0.9051260307625912
42,0.9091941234854265
43,0.5197971128878806
44,0.15995531780464825
45,0.040416862270447204
46,0.14897587507596471
47,0.05593544842510912
48,0.018467053196561906
49,0.016016073780207668
50,0.9363203164749648
51,0.9711711160608614
52,0.9339578301997798
53,0.8604295759921953
54,0.9190164108296262
55,0.9151840108882714
56,0.8822427644767394
57,0.9136909430325455
58,0.8798740718692312
59,0.8800275560516839
60,0.010335479396925031
61,0.07013771104868546
62,0.09476384203144954
63,0.1377750024622028
64,0.1212620453812104
65,0.2532658144252194
66,0.1012850607213173
67,0.0800548372334909
68,0.8220964854463828
69,0.7991133422242639
70,0.7614385500376023
71,0.5245552903756305
72,0.8118060979101912
73,0.9865431793892107
74,0.8735184212835955
75,0.7374720073560755
76,0.05782210621302686
77,0.006504526910088013
78,0.022647762732455414
79,0.028056678444197045
80,0.007361882277435738
81,0.37427602191280634
82,0.19401990207021574
83,0.045647409472013484
84,0.012419253203023265
85,0.013949447510217075
86,0.05044216248363233
87,0.17335896460156894
88,0.16263544853864226
89,0.021190596430798556
90,0.07710970254358085
91,0.016396214979759426
92,0.017534135277040022
93,0.10976359109794612
94,0.043664242374174426
95,0.05410558615884883
96,0.002912595053569313
97,0.05631835383390051
98,0.12087884572249193
99,0.04085026600530632
100,0.061267163055917576
101,0.052997108881623206
102,0.006808106330384409
103,0.03592188306507352
104,0.08763157151821077
105,0.0766761995078043
106,0.0067171707632686095
107,0.04671329534607299
108,0.08916672658330245
109,0.12752967000834647
110,0.15427698879962085
111,0.020680660845736207
112,0.3897914436214929
113,0.40125265280577527
114,0.3929202141354751
115,0.14377582721031054
116,0.2261610467850314
117,0.2113728584782994
118,0.10148605864997454
119,0.07205048504008792
120,0.003230433772309767
121,0.18446091694331945
122,0.26917295396793967
123,0.09093288357104745
124,0.007726328005356292
125,0.26435670191209837
126,0.02907575600861064
127,0.02632668352702364
128,0.08321059449543285
129,0.16272625388736572
130,0.017583258132570556
131,0.11464159125664972
132,0.23625816374554223
133,0.2790073783122431
134,0.6070815511386063
135,0.672960797964842
136,0.16575540869911662
137,0.23461475003563387
138,0.3768072176496202
139,0.9999749580649039
140,0.9997951847537385
141,0.9999523527962931
142,0.9997417202445841
143,0.9998174107238369
144,0.9996507221223838
145,0.9995751654371633
146,0.9997423323746873
147,0.9979903223374637
148,0.994557201869253
149,0.9824828107172523
150,0.8869796477148693
151,0.9819126536699525
152,0.9612915885444319
153,0.960374711962926
154,0.9336694182653555
155,0.9763624993866846
156,0.988959822156937
157,0.990696567272867
158,0.9668954708217316
159,0.9964786220018832
160,0.9952755455198669
161,0.9837233768010165
162,0.9669943931343972
163,0.9289334657046322
164,0.9547900791074259
165,0.9545077504943003
166,0.979458658282891
167,0.9993496532423983
168,0.9996289601912869
169,0.9982766172252201
170,0.9992596470012718
171,0.9989638402317781
172,0.9996588002529854
173,0.9995517982787115
174,0.9988211722469181
175,0.9995972008025426
176,0.9997755628095106
177,0.9992095978558723
178,0.9994334597154846
179,0.9990613654438624
180,0.9984825916711685
181,0.9997044300258201
182,0.9990947107450964
183,0.9990462398464764
184,0.9985671071034804
185,0.9989884561590038
186,0.9992012049811873
187,0.999049737780626
188,0.9982869093239197
189,0.9991608940999167
190,0.9989207089788166
191,0.9978226852237925
192,0.9992309915186525
193,0.9995247838045459
194,0.9980263970857763
195,0.9982636766970014
196,0.9983278581226505
197,0.9993842515339507
198,0.9990826056501814
199,0.9613624675766096
200,0.9483562730146173
201,0.9386064117027823
202,0.9494492400328086
203,0.6943162300957819
204,0.9999313075535277
205,0.9999242477681256
206,0.9999584105696263
207,0.9999096198125931
208,0.9999475804928704
209,0.9949613328990595
210,0.982901637689354
211,0.994629080515199
212,0.9695804734285258
213,0.9994076145906878
214,0.9945001454740094
215,0.9981346870201706
216,0.9830870117191441
217,0.9963793171004665
218,0.998148403819565
219,0.9990970018119756
220,0.9988297940325678
221,0.9900938861124279
222,0.9991557264580907
223,0.999878515442836
224,0.9931152672561837
225,0.9973571178970015
226,0.9995859078707184
227,0.9998114140612984
228,0.999802754834266
229,0.9960644768089879
230,0.9965536932118304
231,0.999765282405358
232,0.9983161857996686
233,0.9993142293794511
234,0.9996805132716337
235,0.9996785568332662
236,0.9993436262508261
237,0.9982917093472748
238,0.99492300172821
239,0.9980886442642207
240,0.9944201718550936
241,0.9957467834553456
242,0.9992463493017911
243,0.99450157130326
244,0.9958931271434069
245,0.9908037881654513
246,0.9917316292034918
247,0.9978797589546642
248,0.995665138082646
249,0.9976876290825779
250,0.9537787246388204
251,0.9389120541810605
252,0.9976550503718332
253,0.9994134127432119
254,0.9807123201297883
255,0.9995018739929415
256,0.9966599928269262
257,0.9947614414981893
258,0.9990994641711384
259,0.7811284047353267
260,0.9953286624588189
261,0.9956186410637129
262,0.990806331499104
263,0.9902944755047833
264,0.9938045718416088
265,0.9890114671385132
266,0.9951356180837281
267,0.9845992266261128
268,0.984803627181614
269,0.9656746134337781
270,0.9962521600274211
271,0.9914276304132805
272,0.8919040665003936
273,0.9990287949562278
274,0.9997299931745531
275,0.9997712924618102
276,0.9996409290131768
277,0.9994260798237868
278,0.9997968824832348
279,0.9998011335268253
280,0.9997174110185669
281,0.9996862957260979
282,0.9994374772048561
283,0.9890440311146214
284,0.9948741463850274
285,0.9923269734615191
286,0.9885705929066176
287,0.9593118252191878
288,0.9908453261073185
289,0.9884310437921072
290,0.9887344517218871
291,0.9997384169067878
292,0.9999064463190274
293,0.9986818789649614
294,0.9993399478286733
295,0.9996986903677876
296,0.9995887448762459
297,0.9981589497858698
298,0.9963435468028036
299,0.9971169112783966
300,0.9909225585921699
301,0.9688055845883808
302,0.9875942432701762
303,0.782524832191637
304,0.950515780664973
305,0.9639840520372039
306,0.9692475021305383
307,0.9706051412225586
308,0.9830682983755553
309,0.948148391985754
310,0.9718733690965248
311,0.9570890329943756
312,0.992021502671664
313,0.9857809443286941
314,0.9828936556760617
315,0.9952520571960983
316,0.9923595213377284
317,0.9794616508825666
318,0.9981248863290243
319,0.99571232540238
320,0.9968992236292179
321,0.9971520791863651
322,0.9986224885045399
323,0.9743986790179897
324,0.9938880363765211
325,0.9779416349533248
326,0.9499640874093697
327,0.9482922832908461
328,0.981149199034807
329,0.9605505111737964
330,0.9751420941080776
331,0.7990690346380557
332,0.9803182769828171
333,0.9449273832260838
